#tiles:,,,0|0|0|27t|27|27,0|0|0|26t|26|26,0|0|0|26t|26|26,0|0|0|26t|26|26,0|0|26t|26|26|26,0|0|36t|36|36|36,,0|0|27t|27,0|0|26t|26,0|0|26t|26,0|0|26t|36,36t|36,,,,,,,,,,,,,0|0|0|25t|25|25,0|0|0|0|2|47|com2,0|0|0|0|2|43,0|0|0|0|2|41,0|0|2|0|2|47|7,0|0|32t|32|32|32,,0|0|25t|25,0|0|2|47|moon,0|0|2,0|0|2,32t,,,,,,,,,,,,0|0|0|27t,0|0|0|28t|25|34,0|0|0|26|2|47|7,0|0|0|36|2,0|0|0|27|2,0|0|0|26|2,0|0|35t|35|32|30,0|0|36t|36,0|0|25t|25,0|0|c2on,0|0|po,0|0|c2on,32t,,,,,,,,,,,,0|0|0|25t,0|0|2,0|0|2,0|0|0|35|2,0|0|0|28|2,0|0|2,0|0|2,0|0|35t|35,0|0|28t|28,0|0|2|48|48|48,0|0|2|48|48,0|0|2|48,32t,,0|0|27|27,0|0|26|26,0|0|26|26,0|0|26|26,0|0|26|26,36t,,,,,0|0|0|25t,0|0|2,0|0|2,0|0|2,0|0|2,0|0|2,0|0|2,0|0|2|47|com1,0|0|2|47|6,0|0|2,0|0|2,0|0|2,32t,,0|0|25|25,0|0|2,0|0|2,0|0|c7,0|0|2|47|7,32t,,,0|0|0|27t,0|0|0|26t,0|0|0|28t,0|0|2,0|0|2,0|0|2|22,0|0|2|22,0|0|2,0|0|2,0|0|2,0|0|2,0|0|2,0|0|2,0|0|2,32|32|br2i,0|0|br2i,0|0|br2i,0|0|2,0|0|2|46,0|0|pi,0|0|2,32t,,,0|0|25t|25,0|0|2,0|0|2,0|0|2,0|0|2,0|0|2,0|0|2,0|0|2,0|0|2,0|0|2,0|0|2,0|0|2,0|0|2,0|0|2,32t,,0|0|25|25,0|0|2,26|26|2,0|36|c10,0|0|2,32t,,,0|0|25|37l,0|0|2,0|0|2,0|0|2,0|0|2,0|0|2,0|0|2,0|0|2,0|0|2,0|0|2,0|0|2,0|0|2,0|0|2,0|0|2,32t,,34t,31t,0|16,31t,31t,30t,,,0|0|25t|25,0|0|2,0|0|2,0|0|2,0|0|2|rubiks,0|0|2,0|0|2,0|0|2,0|0|2,0|0|t2,0|27|2,0|26|2,0|26|2,0|36|2,32t,,,,,,,,,,0|0|25|37o,0|0|2,0|0|2,0|0|2,0|0|2,0|0|2,0|0|2,0|0|2,0|0|2,0|0|2,0|25|2,0|2|18,0|2|18,0|32|2,32t,,,,,,,,,,0|0|0|25t,0|0|2,0|0|2,0|0|2,0|0|2,0|0|2,0|0|2,0|27|2,26|26|2,26|26|2,26|28|2,26|18,26|18,29t,30t,,0|0|27|27,0|0|26|26,,0|0|26|26,36t,,,,0|0|0|34t,0|0|0|31|31|30,0|0|0|33,0|0|2|15,0|0|2|15,0|0|2|15,29t,33t,2,2,2,2,t1,32|32|30,,,0|0|25|25,0|0|2,0|0|2,0|0|2,32t,,,,,,0|0|0|25|25|27,0|0|2,0|0|b3,0|0|2,32t,25t,2,2,2,2,2,32|32,,,0|0|25|25,0|0|2,0|0|2|44,0|0|2,32t,,,,,,0|0|0|25t,0|0|2,0|0|2,0|0|2,32t,25t,31|31|2,31|31|2|10,33|33|2,2,2,32|32,,,0|0|25|25,0|0|2|47|7,0|0|2,0|0|2,32t,,,,,,0|0|0|34t,0|0|0|33t,0|0|2,29t,30t,25t,0|0|2,0|0|b4,34|34|2,29t,31|31|30,30|30,,,34t,31t,31t,31t,30t,,,,,,,0|0|0|25t,0|0|2|15,32t,,25t,0|0|2|47,0|0|2,0|0|2,32t,,,,,,,,,,,,,,,,0|0|0|25t,0|0|2|15,32t,,34t,31t,31t,31t,30t,,,,,,,,,,,,,,,,0|0|0|25t,0|0|2|15,0|35|35|35,0|26|26|26,0|26|26|26,0|26|26|26,0|26|26|26,0|26|26|26,0|26|26|26,0|26|26|26,0|26|26|26,0|26|26|26,36t,,,,,,,,,,,,0|0|0|25t,0|0|2|15,0|0|8|8,0|0|2,0|0|2,0|0|2,0|0|2,0|0|2,0|0|2,0|0|2,0|0|2,0|0|2,32t,,,,,,,,,,,,0|0|0|25t,0|0|2|15,0|0|8|8,0|0|2,0|0|2,0|0|2,0|0|2,0|0|2,0|0|2,0|0|2,0|0|2,0|0|2,0|35|35|35,0|26|26|26,0|26|26|26,0|26|26|26,0|26|26|26,0|26|26|26,0|36|36|36,,,,,0|0|0|27t,0|0|0|28t,0|0|2,0|0|8|8,0|0|2,0|0|2,0|0|c6,0|0|c2,0|0|c2,0|0|c4|4off,0|0|2,0|0|2,0|0|2,0|0|2,0|0|2,0|0|2,0|0|2,0|0|2|47|7,0|0|2|47|com1,0|35|35|35,0|26|26|26,36t,,,0|0|0|25t,0|0|2|47|com2,0|0|2,0|0|2,0|0|c6,0|0|c2,0|0|c5|4off,0|0|2,0|0|2,0|0|c3,0|0|c2,0|0|c2,0|0|c2|4off,0|0|c2,0|0|c2,0|0|c2,0|0|c4,0|0|2,0|0|2,0|0|2,0|0|2,32t,,,0|0|0|25t,0|0|2,0|0|2,0|0|2,0|0|pi|45,0|0|2,0|0|2,0|0|2,0|0|2,0|0|2,0|0|2,0|0|2,0|0|2,0|0|2,0|0|2,0|0|2,0|0|pi,0|0|2,0|0|2,0|0|b7,0|0|2,32t,,,0|0|0|25t,0|0|2,0|0|2,0|0|2,0|0|c3,0|0|c2,0|0|c4|4off,0|0|2,0|0|2,0|0|c6,0|0|c2,0|0|c2,0|0|c2|4off,0|0|c2,0|0|c2,0|0|c2,0|0|c5,0|0|2,0|0|2,0|0|2,0|0|2,32t,,,0|34t|34|34,0|0|31t|31,0|0|31|31|31|30,0|0|33|33,0|0|2,0|0|2,0|0|c3,0|0|c2,0|0|c2,0|0|c5|4off,0|0|2,0|0|2,0|0|2,0|0|2,0|0|2,0|0|2,0|0|2,0|0|2,0|0|2,29t,31t,30t,,,,,,0|0|25|25|25|27,0|0|2,0|0|2,0|0|2,0|0|2,0|0|2,0|0|2,0|0|2,0|0|2,0|0|2,29t,33t,0|0|c6on,0|0|po,0|0|c4on,29t,30t,,,,,,,,0|0|25t|25,0|0|2,0|0|2,0|0|2,0|0|2,0|0|2,0|0|2,0|0|2,0|0|2,0|0|2,32t,25t,0|0|c1on,0|0|2,0|0|c1on,32t,,,,,,,,,0|0|25t|25,,0|0|br1i,0|0|br1i,0|0|br1i,0|0|br1i,0|0|br1i,0|0|br1i,0|0|br1i,0|0|br1i,32t,34t,31t,31t,31t,30t,,,,,,,,,0|0|25t|25,0|0|2,0|0|2,0|0|2,0|0|2,0|0|2,0|0|2,0|0|2,0|0|2,0|0|2,32t,,,,,,,,,,,,,,0|0|25|25|25|cam2,0|0|2,0|0|2|rat2,0|0|2,0|0|2|rat2,0|0|2|rat3,0|0|2,0|0|2,0|0|2|rat3,0|0|2|rat2,32t,,,,,,,,,,,,,,0|0|25t|34,0|0|2,0|0|2,0|0|2|rat2,0|0|2,0|0|2,0|0|2|rat3,0|0|2|rat3,0|0|2,0|0|2,32t,,,,,,,,,,,,,,34t|34,31t,31t,31t,31t,31t,31t,31t,31t,31t,30t,,,,,,,,
#action|positive|power:11^20^3^4%8^21^3^4%14^21^3^4%8^23^3^4%14^23^3^4%11^24^3^4
#width:24
#action|negative|power:11^20^3^4off%8^21^3^4off%14^21^3^4off%8^23^3^4off%14^23^3^4off%11^24^3^4off
#height:32
#action|negative|blue:11^3^3^48%11^3^4^48%11^3^5^48%12^3^3^48%12^3^4^48%13^3^3^48
#action|negative|yellow:0^7^3^37l%6^27^2^br1i%7^27^2^br1i%8^27^2^br1i%9^27^2^br1i%10^27^2^br1i%11^27^2^br1i%12^27^2^br1i%13^27^2^br1i%14^27^2^br1i
#action|positive|green:14^5^2^br1%15^5^2^br1%16^5^2^br1
#action|negative|green:14^5^2^br2i%15^5^2^br2i%16^5^2^br2i
#action|positive|blue:11^3^3^0%11^3^4^0%11^3^5^0%12^3^3^0%12^3^4^0%13^3^3^0
#action|positive|yellow:0^7^3^37%6^27^2^br2%7^27^2^br2%8^27^2^br2%9^27^2^br2%10^27^2^br2%11^27^2^br2%12^27^2^br2%13^27^2^br2%14^27^2^br2