#action|negative|magenta:10^1^1^4%5^5^1^4off%12^5^1^4%7^7^1^4off%1^9^1^4%3^9^1^4%6^9^1^4off
#tiles:27t|27,26|26|26|26|26,26|26|26|26|26,26|26|26|26|26,26|26|26|26|26,26|26|50|26,26|26|26|26|26,26|26|26|26|26,26|26|50|26,26|26|26|26|26,26|26|26|26|26,26|38l,26|26|26|26|36,36|36|36,25|25|25|25|25,2|4,2|47|com2,2|54,2|4,2,2,2|4,2,2,2|4,2,2|47|7,32|32,25|25|25|25|25,2,b3,2,2,2,2,2,2,2,2,2,2,32|32,25|25|25|25|25,2|4,2|11,2,2,2,2|4,2,2,2|4off,2,2,2|4,32|32,25|25|25|25|25,2,2|41,2,2,2,2,2,2,2,2,2,2,32|32,25|25|25|g4|25,2,2|4,2,2,2|4off,2,2,2|4,2,2,2,2|4,32|32,25|25|25|25|25,2,2,2,2,2,2,2,2,2,2,2,b7,32|32,25|25|49|25,b6,2|12,2,2|4,2,2,2|4off,2,2,2|4,2,2,32|32,25|25|25|25|25,2,2,2,2,2,2,2,2,2,2,2,2|14,32|32,25|25|25|25|25,2|4,2,2|4,2,2,2|4off,2,2,2|4,2,2,2,32|32,25|25|49|25,2,2,2,2,2,2,2,2,2,2,2,2,32|32,25|37o,2,2|13,b5,2,2,2,2,2,2,2,2,2|52,32|32,25|25|25|25|34,2,2,2,2,2,2,2,2,2,2,2,2|47|moon,32|32,34|34|34,31|31,31|31,31|31,31|31,31|31,31|31,31|31,31|31,31|31,31|31,31|31,31|31,30|30
#action|positive|cyan:1^3^1^4off%9^3^1^4%5^5^1^4%4^7^1^4off%7^7^1^4off%10^7^1^4
#action|negative|cyan:1^3^1^4%9^3^1^4off%5^5^1^4off%4^7^1^4%7^7^1^4%10^7^1^4off
#height:14
#width:14
#action|negative|yellow:2^5^1^4%5^5^1^4off%7^7^1^4off%6^9^1^4off
#action|positive|magenta:10^1^1^4off%5^5^1^4%12^5^1^4off%7^7^1^4%1^9^1^4off%3^9^1^4off%6^9^1^4
#action|positive|green:11^0^1^38
#action|negative|green:11^0^1^38l
#action|positive|yellow:2^5^1^4off%5^5^1^4%7^7^1^4%6^9^1^4