#tiles:27t|27|27|27,26t|26|26|26,26t|26|26|26,26t|50|26,26t|26|26|26,26t|26|26|26,26t|26|26|26,26t|26|26|26,26t|26|26|26,26t|26|26|26,26t|26|26|26,26t|26|26|26,26t|26|26|26,26t|26|26|26,26t|26|26|26,26|26|26|38l,26t|26|26|36,36t|36,25t|25|25|25,0|0|2,0|0|2,25|25|2|41,,,,,,,,32|32|2|47|com2,0|0|2|54,0|0|2,0|0|b3|11,0|0|2,0|0|2,32t,25t|0|25|25,0|0|2|47|7,0|0|2|4off,25|25|2,0|16,,,,,,,32|32|2,0|0|2,0|0|2,0|0|2,0|0|2|rat2,0|0|2,32t,25t|25|25|25,26|26|2,26|26|2,28|28|2|rat2,,,,,,,,35|35|2,26|26|2,26|26|2,26|26|2|14,26|26|2,26|26|2,32t,25t|25|25|25,,,,,,,,,,,,,,,0|0|br1i,,32t,25t|25|25|25,,,,,,,,,,,,0|16,,,0|0|br1i,0,32t,25t|25|25|25,,,,,,,,,,,,,,,0|0|br1i,,32t,25t|25|25|25,,,,,,,,29|29|2|47|com2,31|31|2|54,31|31|2,31|31|2,31|31|2,33|33|2,,0|0|br1i,,32t,25t|25|25|25,,,,,,,,32|32|2,0|0|2|45,0|0|c8,0|0|pi,0|0|c9,25|25|2,,0|0|br1i,0,32t,25t|25|25|25,,,,,,,,35|35|2|44,26|26|2,26|26|2,26|26|2,26|26|2,28|28|2,,0|0|br1i,0,32t,25t|25|25|25,,,,,,,,,,,,,,,0|0|br1i,0,32t,25t|25|25|25,,,,,,,,,,,,,,,0|0|br1i,,32t,25t|25|25|25,,0|16,,,,,,,,,,,,,0|0|br1i,,32t,25t|25|25|25,31|31|2|47,31|31|2,31|31|2,33|33|2,,,,29|29|2,31|31|2|12,33|33|b6,,,,,0|0|br1i,,32t,25t|25|25|25,0|0|2|47|com2,0|0|2|54,0|0|b1,25|25|2,,,,32|32|2|15,0|0|2|15,25|25|2|15,,,,0,0|0|br1i,,32t,25t|25|25|25,26|26|2,26|26|2,26|26|2,28|28|2,,,,35|35|2,26|26|2,28|28|2,,,,29|29|2,31|31|2,31|31|2,32t,25t|25|25|25,8,8,8|10,b4,,,,0|16,,,,,,32|32|2,0|0|2,0|0|2,32t,25t|25|i1|25,8|20,8|20,29|29|2,33|33|2,,,,,,,,,,32|32|2|4off,0|0|2,0|0|2,32t,25t|25|25|25,31|31|20,31|31|20,30|30|2,25|25|2,,,,,,,,,,32|32|2,0|0|2,0|0|2|rat,32t,25t|25|25|25,0|0|2,0|0|2,0|0|2,25|25|2|47,,,,29|29|2|15,33|33|2|15,0|0|br2i,0|0|br2i,0|0|br2i,0|0|br2i,32|32|2,0|0|2,0|0|b7,32t,25t|25|25|25,0|0|2,0|0|2,0|0|2|51,25|25|2|47|com4,,,,32|32|2|15,25|25|2|15,0,,,,32|32|2|47|7,0|0|2,0|0|2,32t,34t|34|34|34,31|31|31|39,31t,31t,31t,31t,31t,31t,31t,31t,31t,31t,31t,31t,31t,31t,31t,30t
#action|positive|power:14^17^3^4
#width:18
#action|negative|grey:2^2^3^4off
#action|negative|power:14^17^3^4off
#action|positive|grey:2^2^3^4
#height:22
#action|positive|purple:15^0^3^38
#action|negative|yellow:10^19^2^br2i%11^19^2^br2i%12^19^2^br2i%13^19^2^br2i
#action|negative|purple:15^0^3^38l
#action|positive|green:15^4^2^br2%15^5^2^br2%15^6^2^br2%15^7^2^br2%15^8^2^br2%15^9^2^br2%15^10^2^br2%15^11^2^br2%15^12^2^br2%15^13^2^br2%15^14^2^br2
#action|negative|green:15^4^2^br1i%15^5^2^br1i%15^6^2^br1i%15^7^2^br1i%15^8^2^br1i%15^9^2^br1i%15^10^2^br1i%15^11^2^br1i%15^12^2^br1i%15^13^2^br1i%15^14^2^br1i
#action|positive|yellow:10^19^2^br1%11^19^2^br1%12^19^2^br1%13^19^2^br1